1 501040	443904
2 486587	460046
3 477406	460046
4 481953 	460066
5 506050	460046
6 464266	468565
7 460046	436250
8 506050	464266
9 472944	464266
10 472944	 464266
11 464266	464246
12 481953	468565
13 487832	486587
14 485901	486587
15 460046	468565
16 473904	460046
17 473904	455901
18 463904	460046
19 473904	460046
20 480044	468565
21 483904	468565
22 491830	472944
23 465901	472944
24 467832 	460046
25 453904 	460046
26 477832 	464266
27 470044	486587
28 473904	455901
29 463904	455901
30 471830	468565
31 473904	455901
32 483904	477406
33 484795	460046
34 481423	460046
35 484795	481953
